AB12BN1201 Ram 80 80 80 80 80 80
AB12BN1202 Suresh 90 70 80 60 50 87
AB12BN1203 Ravi 90 90 90 90 90 90
AB12BN1204 Nagraj 100 90 70 60 50 40
AB12BN1205 Nikhil 90 100 80 90 60 30
AB12BN1206 Charan 73 34 65 84 73 70
AB12BN1207 Ganesh 56 78 98 90 56 45
AB12BN1208 Suji 67 89 54 92 87 74
AB12BN1209 sowmya 66 77 88 99 55 88
AB12BN1210 Bhanu 100 88 99 34 54 67
AB12BN1211 Madhuri 89 90 39 48 57 60
AB12BN1212 Lavanya 72 63 54 98 69 90
AB12BN1213 Varun 55 89 76 79 80 50
AB12BN1214 Uma 66 55 78 76 89 80
AB12BN1215 Swetha 55 40 30 10 10 10

